Year,Day_of_year,410_MHZ,610_MHZ,1415_MHZ,2.70_GHZ,5_GHZ,8.8_GHZ,15_GHZ,245_MHZ
1998.0, 126.0, 1220.655, 3134.528, 608.1333, 617.7526, 1216.247, 1730.4, 2434.382, 64983.9
1998.0, 237.0, 444.0, 274.0, 1045.0, 2272.0, 3239.0, 2108.0, 1398.0, 791.0
1998.0, 273.0, 91.0, 223.0, 395.0, 592.0, 627.0, 575.0, 614.0, 221.0
1998.0, 122.0, 19743.33, 18813.71, 4337.895, 1374.552, 2227.029, 4014.669, 2180.563, 14096.21
1998.0, 126.0, 1280.145, 2743.137, 606.2364, 636.239, 1240.188, 2415.194, 2023.537, 107643.9
1998.0, 235.0, 95.11604, 239.4671, 307.1136, 631.9263, 1193.079, 2297.171, 2487.641, 100.848
1998.0, 266.0, 1929.08, 1757.791, 1374.977, 1252.545, 1630.551, 1581.21, 1383.682, 4282.279
1998.0, 273.0, 79.53075, 5255.461, 101.9829, 133.0342, 190.1606, 223.9601, 963.6811, 748.1023
1998.0, 236.0, 59.0, 855.7775, 540.2877, 348.2007, 1034.066, 2213.854, 3317.091, 59.0
1998.0, 266.0, 1378.881, 1889.816, 1499.412, 1234.619, 1610.846, 1728.678, 1577.871, 2917.467
1999.0, 123.0, 0.0, 0.0, 321.751, 302.7906, 233.8987, 398.3513, 621.5181, 0.0
1999.0, 155.0, 0.0, 0.0, 502.6703, 527.9117, 1793.506, 2790.992, 0.0, 0.0
1999.0, 115.0, 59.0, 1459.884, 221.7805, 703.0101, 81.25226, 117.0743, 222.5389, 59.0
1999.0, 20.0, 549.0, 1309.0, 6670.0, 13099.0, 21134.0, 32642.0, 518.0, 499.0
1997.0, 310.0, 3408.164, 5009.414, 2074.476, 3509.028, 6303.152, 8632.301, 11205.82, 53586.21
1997.0, 308.0, 7389.742, 783.7059, 420.3172, 658.8436, 793.8693, 867.3492, 921.2295, 12265.68
1997.0, 310.0, 3861.377, 5069.348, 2385.797, 3392.688, 7121.207, 10297.57, 10272.4, 50896.12
2000.0, 95.0, 454398.5, 1703.756, 555.6413, 635.4612, 460.1993, 423.1611, 668.0024, 445.5876
2000.0, 209.0, 6289.0, 732.0, 227.0, 296.0, 493.0, 758.0, 924.0, 628.0
2000.0, 223.0, 224383.0, 938.0, 381.0, 232.0, 241.0, 314.0, 662.0, 1277.0
2000.0, 224.0, 107.0, 81.0, 196.0, 232.0, 59941.0, 326.0, 675.0, 115.0
2000.0, 159.0, 7555.0, 17532.0, 6723.0, 2456.0, 2938.0, 3709.0, 2116.0, 4188.0
2000.0, 197.0, 38131.0, 31551.0, 5854.0, 3132.0, 6819.0, 8895.0, 6917.0, 31155.0
2000.0, 163.0, 3251.0, 9084.0, 1732.0, 731.0, 931.0, 649.0, 727.0, 118.0
2000.0, 330.0, 5920.0, 33607.0, 3798.0, 1518.0, 2639.0, 7575.0, 14142.0, 3955.0
2000.0, 94.0, 437798.0, 444944.0, 76094.0, 52471.0, 33889.0, 47304.0, 48514.0, 344539.0
2001.0, 88.0, 103776.0, 58788.0, 3586.0, 4920.0, 9247.0, 12595.0, 8234.0, 52706.0
2001.0, 92.0, 44.0, 60.0, 192.0, 469.0, 843.0, 38378.0, 44906.0, 245.0
2001.0, 93.0, 103.0, 474.0, 1157.0, 4108.0, 7057.0, 10516.0, 9094.0, 359.0
2001.0, 92.0, 60.0, 104.0, 3202.0, 11545.0, 708.0, 669.0, 702.0, 215.0
2001.0, 100.0, 52582.0, 9450.0, 2361.0, 5003.0, 6193.0, 7252.0, 5654.0, 7841.0
2001.0, 99.0, 86378.0, 49312.0, 26330.0, 517.0, 437.0, 423.0, 597.0, 931.0
2001.0, 106.0, 381231.0, 400831.0, 79249.0, 44399.0, 36816.0, 38630.0, 46344.0, 303165.0
2001.0, 128.0, 431747.0, 407349.0, 83673.0, 58325.0, 37148.0, 39509.0, 45323.0, 15.0
2001.0, 227.0, 28.0, 58.0, 124.0, 191.0, 282.0, 380.0, 41125.0, 21.0
2001.0, 267.0, 379403.0, 427675.0, 85381.0, 45384.0, 37854.0, 37808.0, 46127.0, 104.0
2001.0, 274.0, 440584.0, 429074.0, 78772.0, 44440.0, 37469.0, 37362.0, 45182.0, 971.0
2001.0, 292.0, 25607.0, 31169.0, 8027.0, 1626.0, 858.0, 1350.0, 1275.0, 9295.0
2001.0, 321.0, 246.0, 300.0, 257.0, 329.0, 356.0, 444.0, 607.0, 962.0
2001.0, 326.0, 325.0, 186.0, 43891.0, 9795.0, 403.0, 423.0, 601.0, 2948.0
2001.0, 326.0, 1822.0, 3675.0, 2307.0, 1175.0, 1237.0, 949.0, 863.0, 1561.0
2001.0, 360.0, 223.0, 264.0, 803.0, 2923.0, 4266.0, 4270.0, 2395.0, 217.0
2001.0, 362.0, 54.0, 87.0, 184.0, 517.0, 1499.0, 1504.0, 692.0, 86.0
2001.0, 365.0, 405855.0, 377003.0, 79415.0, 44578.0, 35897.0, 39386.0, 44650.0, 495825.0
2001.0, 308.0, 118.0, 239.0, 829.0, 1248.0, 1731.0, 1031.0, 519.0, 77.0
2001.0, 360.0, 364615.0, 434254.0, 96142.0, 33638.0, 41880.0, 52823.0, 42683.0, 462551.0
2001.0, 365.0, 375066.0, 413840.0, 75603.0, 190.0, 230.0, 309.0, 497.0, 500000.0
2001.0, 292.0, 33462.0, 32420.0, 8456.0, 1579.0, 815.0, 1089.0, 750.0, 10931.0
2001.0, 292.0, 2256.0, 2328.0, 809.0, 870.0, 816.0, 585.0, 766.0, 799.0
2001.0, 295.0, 535.0, 599.0, 664.0, 952.0, 1940.0, 2152.0, 3925.0, 1365.0
2001.0, 292.0, 10494.0, 4231.0, 15171.0, 1183.0, 1690.0, 3975.0, 4856.0, 13126.0
2001.0, 295.0, 493.0, 675.0, 743.0, 1011.0, 1984.0, 2758.0, 4342.0, 1636.0
2001.0, 308.0, 3815.0, 3714.0, 1791.0, 2114.0, 3097.0, 3269.0, 2214.0, 7602.0
2001.0, 362.0, 187.0, 102.0, 290.0, 1003.0, 3074.0, 2357.0, 583.0, 371.0
2001.0, 91.0, 70.0, 115.0, 462.0, 1365.0, 3350.0, 3777.0, 2739.0, 197.0
2001.0, 92.0, 312.0, 126.0, 286.0, 836.0, 909.0, 1350.0, 1224.0, 248.0
2001.0, 93.0, 547.0, 996.0, 4397.0, 3749.0, 5748.0, 7551.0, 12304.0, 46522.0
2001.0, 100.0, 5002.0, 37493.0, 4843.0, 1709.0, 3956.0, 5559.0, 6159.0, 6778.0
2001.0, 89.0, 495914.0, 500000.0, 72746.0, 64810.0, 49669.0, 42696.0, 73280.0, 500000.0
2001.0, 222.0, 454305.0, 470734.0, 90160.0, 48319.0, 43655.0, 42992.0, 55197.0, 456549.0
2001.0, 260.0, 21023.0, 7060.0, 197.0, 209.0, 272.0, 364.0, 2345.0, 12214.0
2001.0, 92.0, 136.0, 131.0, 305.0, 451.0, 814.0, 1231.0, 1621.0, 392.0
2001.0, 93.0, 739.0, 1015.0, 4643.0, 4417.0, 5707.0, 7528.0, 14066.0, 50036.0
2001.0, 108.0, 506125.0, 410344.0, 97163.0, 27051.0, 43547.0, 53279.0, 44504.0, 467764.0
2002.0, 107.0, 21787.0, 15115.0, 3613.0, 3497.0, 3715.0, 2618.0, 1591.0, 4957.0
2002.0, 111.0, 5359.0, 11463.0, 100041.0, 2164.0, 2795.0, 3067.0, 1947.0, 789.0
2002.0, 198.0, 484.0, 62.0, 301.0, 779.0, 1293.0, 2233.0, 2369.0, 69.0
2002.0, 200.0, 474191.0, 400906.0, 115.0, 172.0, 262.0, 332.0, 551.0, 299440.0
2002.0, 204.0, 1505.0, 1630.0, 1571.0, 1994.0, 4600.0, 8835.0, 10927.0, 6457.0
2002.0, 233.0, 596.0, 123.0, 279.0, 374.0, 400.0, 697.0, 1469.0, 1488.0
2002.0, 233.0, 1119.0, 5054.0, 218.0, 655.0, 1819.0, 2145.0, 2190.0, 1219.0
2002.0, 234.0, 181.0, 365.0, 400.0, 467.0, 772.0, 599.0, 817.0, 263.0
2002.0, 236.0, 284.0, 130.0, 509.0, 988.0, 5305.0, 12060.0, 18201.0, 477.0
2002.0, 8.0, 25512.0, 63.0, 128.0, 163.0, 210.0, 282.0, 482.0, 36.0
2002.0, 9.0, 119.0, 68.0, 708.0, 408.0, 821.0, 967.0, 901.0, 33.0
2002.0, 15.0, 387054.0, 445444.0, 82923.0, 33966.0, 41825.0, 39173.0, 40397.0, 465375.0
2002.0, 50.0, 72.0, 66.0, 30911.0, 33018.0, 43971.0, 39951.0, 38319.0, 81.0
2002.0, 74.0, 256.0, 256.0, 365.0, 348.0, 360.0, 397.0, 582.0, 405.0
2002.0, 76.0, 244.0, 368.0, 204.0, 454.0, 1016.0, 1308.0, 1453.0, 295.0
2002.0, 77.0, 724.0, 2343.0, 25629.0, 290.0, 264.0, 344.0, 599.0, 978.0
2002.0, 111.0, 5007.0, 13444.0, 99608.0, 2048.0, 3196.0, 3160.0, 1950.0, 757.0
2002.0, 189.0, 460910.0, 358159.0, 105804.0, 35735.0, 43595.0, 41154.0, 38643.0, 470625.0
2002.0, 196.0, 14423.0, 5110.0, 1208.0, 2080.0, 6693.0, 14762.0, 21065.0, 25488.0
2002.0, 201.0, 373.0, 441.0, 1449.0, 2247.0, 60435.0, 54270.0, 22047.0, 12457.0
2002.0, 204.0, 1543.0, 1175.0, 1766.0, 1781.0, 5026.0, 8496.0, 11015.0, 8114.0
2002.0, 226.0, 76.0, 99.0, 245.0, 345.0, 385.0, 513.0, 616.0, 22745.0
2002.0, 234.0, 419.0, 365.0, 439.0, 481.0, 792.0, 565.0, 633.0, 2889.0
2002.0, 236.0, 501.0, 170.0, 568.0, 1422.0, 6239.0, 10175.0, 18757.0, 1897.0
2002.0, 8.0, 708.0, 10192.0, 364.0, 3128.0, 14637.0, 22028.0, 22028.0, 430038.0
2002.0, 14.0, 1464.0, 3726.0, 114471.0, 19159.0, 27212.0, 60142.0, 60142.0, 672.0
2002.0, 313.0, 193.0, 137.0, 589.0, 942.0, 1158.0, 1071.0, 1071.0, 594.0
2002.0, 80.0, 100.0, 133.0, 127.0, 41640.0, 48755.0, 43377.0, 33407.0, 337830.0
2002.0, 81.0, 155.0, 476.0, 144.0, 196.0, 245.0, 366.0, 564.0, 255.0
2002.0, 107.0, 19466.0, 20662.0, 3855.0, 3208.0, 4574.0, 2833.0, 1491.0, 4533.0
2002.0, 197.0, 325.0, 88.0, 139.0, 200.0, 389.0, 454.0, 622.0, 132.0
2002.0, 313.0, 212.0, 152.0, 541.0, 963.0, 1297.0, 1298.0, 1051.0, 367.0
2003.0, 148.0, 43752.0, 70866.0, 2288.0, 1667.0, 3246.0, 5553.0, 5748.0, 381060.0
2003.0, 149.0, 29185.0, 8776.0, 1840.0, 865.0, 2219.0, 3611.0, 2576.0, 21870.0
2003.0, 151.0, 1660.0, 2768.0, 1841.0, 1451.0, 3658.0, 7472.0, 8819.0, 18245.0
2003.0, 166.0, 226.0, 197.0, 613.0, 986.0, 2117.0, 2807.0, 4487.0, 2052.0
2003.0, 300.0, 375.0, 320.0, 706.0, 1255.0, 1211.0, 3262.0, 5348.0, 696.0
2003.0, 306.0, 448.0, 204.0, 184.0, 248.0, 469.0, 830.0, 1021.0, 410.0
2003.0, 307.0, 47484.0, 788.0, 3088.0, 6310.0, 7799.0, 16793.0, 17398.0, 3465.0
2003.0, 308.0, 156.0, 75.0, 108.0, 203.0, 594.0, 1449.0, 1914.0, 330.0
2003.0, 324.0, 207.0, 327.0, 630.0, 897.0, 948.0, 719.0, 742.0, 326.0
2003.0, 148.0, 52400.0, 71987.0, 2628.0, 1861.0, 3910.0, 5494.0, 6305.0, 500000.0
2003.0, 149.0, 27560.0, 6303.0, 1867.0, 954.0, 2719.0, 3773.0, 2782.0, 31212.0
2003.0, 149.0, 315.0, 134.0, 341.0, 501.0, 1058.0, 1465.0, 1341.0, 25861.0
2003.0, 151.0, 2124.0, 2688.0, 1936.0, 1719.0, 4295.0, 6369.0, 9106.0, 23220.0
2003.0, 153.0, 471.0, 475.0, 150.0, 811.0, 2026.0, 1915.0, 1316.0, 4995.0
2003.0, 168.0, 643.0, 554.0, 712.0, 2337.0, 3988.0, 3697.0, 3048.0, 1294.0
2003.0, 299.0, 476.0, 649.0, 1586.0, 2729.0, 4552.0, 4975.0, 3916.0, 1290.0
2003.0, 302.0, 64437.0, 66120.0, 3932.0, 5638.0, 13564.0, 14974.0, 21240.0, 410023.0
2003.0, 306.0, 7535.0, 5630.0, 7186.0, 10564.0, 12375.0, 16694.0, 40237.0, 25590.0
2003.0, 307.0, 497.0, 640.0, 308.0, 528.0, 734.0, 920.0, 1121.0, 1286.0
2003.0, 308.0, 32477.0, 8147.0, 21411.0, 21671.0, 28010.0, 56020.0, 681.0, 4882.0
2003.0, 324.0, 250.0, 285.0, 592.0, 1157.0, 1200.0, 776.0, 716.0, 2524.0
2003.0, 149.0, 266.0, 129.0, 384.0, 431.0, 1123.0, 1565.0, 1558.0, 854.0
2003.0, 299.0, 473.0, 521.0, 1766.0, 2293.0, 3924.0, 4631.0, 3724.0, 1156.0
2003.0, 301.0, 5184.0, 3461.0, 14033.0, 1873.0, 1185.0, 767.0, 1548.0, 22437.0
2003.0, 302.0, 44046.0, 57441.0, 1859.0, 2814.0, 5129.0, 11930.0, 248.0, 367499.0
2003.0, 306.0, 12931.0, 7167.0, 9533.0, 7903.0, 11582.0, 21199.0, 30880.0, 24343.0
2003.0, 307.0, 219.0, 55.0, 132.0, 384.0, 860.0, 1395.0, 2044.0, 162.0
2003.0, 308.0, 3099.0, 6934.0, 5005.0, 7686.0, 10827.0, 14294.0, 23506.0, 2235.0
2003.0, 169.0, 4004.0, 14016.0, 74.0, 127.0, 176.0, 253.0, 534.0, 860.0
2003.0, 301.0, 37294.0, 31807.0, 20371.0, 14274.0, 43391.0, 57075.0, 48778.0, 497371.0
2003.0, 307.0, 56167.0, 885.0, 1585.0, 4595.0, 10553.0, 14438.0, 16254.0, 3970.0
2003.0, 306.0, 0.0, 2.0, 178.0, 284.0, 541.0, 842.0, 938.0, 0.0
2004.0, 102.0, 594.0, 204.0, 306.0, 1011.0, 711.0, 696.0, 721.0, 131.0
2004.0, 207.0, 326.0, 282.0, 503.0, 795.0, 1218.0, 2396.0, 3453.0, 323.0
2004.0, 256.0, 589.0, 531.0, 1972.0, 2487.0, 3007.0, 1623.0, 1158.0, 854.0
2004.0, 305.0, 343.0, 519.0, 309.0, 328.0, 603.0, 1025.0, 1326.0, 488.0
2004.0, 311.0, 13502.0, 6784.0, 1871.0, 2877.0, 3134.0, 2284.0, 1952.0, 5256.0
2004.0, 102.0, 614.0, 182.0, 303.0, 1064.0, 797.0, 642.0, 634.0, 163.0
2004.0, 207.0, 524.0, 689.0, 211.0, 266.0, 356.0, 354.0, 605.0, 2171.0
2004.0, 263.0, 59.0, 68.0, 222.0, 627.0, 648.0, 408.0, 607.0, 150.0
2004.0, 312.0, 15994.0, 12349.0, 3234.0, 4809.0, 8565.0, 6872.0, 4123.0, 42330.0
2005.0, 15.0, 136910.0, 44501.0, 13311.0, 3107.0, 3210.0, 2750.0, 2138.0, 31666.0
2005.0, 208.0, 339.0, 231.0, 327.0, 895.0, 1611.0, 1472.0, 1134.0, 562.0
2005.0, 234.0, 16050.0, 9493.0, 2272.0, 1792.0, 1880.0, 1600.0, 1270.0, 57649.0
2005.0, 209.0, 94.0, 87.0, 77.0, 151.0, 749.0, 1632.0, 1520.0, 48.0
2005.0, 234.0, 24121.0, 8959.0, 2247.0, 2067.0, 2179.0, 1597.0, 1162.0, 78761.0
2005.0, 234.0, 15163.0, 4702.0, 2670.0, 8379.0, 10242.0, 4215.0, 7020.0, 33929.0
2005.0, 250.0, 3255.0, 3473.0, 12436.0, 26798.0, 16270.0, 12058.0, 21234.0, 2314.0
2005.0, 133.0, 15009.0, 43254.0, 5508.0, 3100.0, 1799.0, 1173.0, 1085.0, 440.0
2005.0, 194.0, 4882.0, 2752.0, 272.0, 2101.0, 5279.0, 5361.0, 6013.0, 6723.0
2005.0, 209.0, 89.0, 73.0, 92.0, 162.0, 957.0, 2013.0, 2842.0, 69.0
2005.0, 234.0, 9668.0, 2091.0, 2947.0, 7225.0, 10043.0, 10088.0, 9012.0, 22955.0
2005.0, 235.0, 2230.0, 1313.0, 4687.0, 3651.0, 3938.0, 2968.0, 2087.0, 4066.0
2005.0, 250.0, 5959.0, 5816.0, 16424.0, 27659.0, 24887.0, 23503.0, 37974.0, 3282.0
2005.0, 251.0, 164.0, 144.0, 1457.0, 1162.0, 1048.0, 1633.0, 3199.0, 223.0
2005.0, 252.0, 843.0, 1400.0, 9298.0, 3841.0, 12217.0, 23073.0, 32096.0, 1173.0
2005.0, 253.0, 264.0, 3393.0, 2027.0, 2327.0, 3890.0, 5022.0, 7119.0, 282.0
2005.0, 17.0, 36471.0, 12237.0, 4093.0, 11966.0, 21705.0, 16628.0, 15523.0, 39537.0
2005.0, 133.0, 19240.0, 30190.0, 4276.0, 3074.0, 1761.0, 1037.0, 914.0, 394.0
2005.0, 194.0, 5394.0, 1821.0, 260.0, 2064.0, 5943.0, 4972.0, 4780.0, 5952.0
2005.0, 208.0, 719.0, 65.0, 308.0, 892.0, 1655.0, 1117.0, 1087.0, 323.0
2005.0, 234.0, 877.0, 1892.0, 1453.0, 7145.0, 12696.0, 10135.0, 8088.0, 10103.0
2005.0, 235.0, 2005.0, 846.0, 3940.0, 3484.0, 3521.0, 1623.0, 1934.0, 3787.0
2006.0, 339.0, 355.0, 318.0, 6033.0, 11301.0, 3670.0, 7652.0, 10422.0, 94498.0
2006.0, 347.0, 17186.0, 102806.0, 110154.0, 44899.0, 3886.0, 7022.0, 11316.0, 98487.0
2006.0, 348.0, 410.0, 1862.0, 55552.0, 2264.0, 1372.0, 2141.0, 2259.0, 1244.0
2006.0, 341.0, 77.0, 70.0, 437.0, 2764.0, 542.0, 399.0, 544.0, 814.0
2006.0, 348.0, 2070.0, 7828.0, 40657.0, 2776.0, 1711.0, 2809.0, 2105.0, 3485.0
2006.0, 341.0, 61.0, 77.0, 407.0, 2089.0, 509.0, 355.0, 587.0, 95.0
2006.0, 339.0, 1008.0, 533.0, 4006.0, 12952.0, 4297.0, 7150.0, 10407.0, 249505.0
2010.0, 226.0, 87.0, 220.0, 122.0, 125.0, 134.0, 225.0, 544.0, 43.0
2010.0, 226.0, 975.0, 7552.0, 120.0, 121.0, 149.0, 257.0, 564.0, 85.0
2011.0, 158.0, 2006.0, 316.0, 389.0, 813.0, 1053.0, 1125.0, 921.0, 6445.0
2011.0, 215.0, 86.0, 67.0, 135.0, 254.0, 412.0, 529.0, 803.0, 256.0
2011.0, 216.0, 2301.0, 4879.0, 568.0, 842.0, 1526.0, 2756.0, 2666.0, 13828.0
2011.0, 221.0, 94024.0, 33011.0, 606.0, 803.0, 1248.0, 1759.0, 1912.0, 13006.0
2011.0, 66.0, 7896.0, 2846.0, 29763.0, 24025.0, 4409.0, 3563.0, 2451.0, 5569.0
2011.0, 215.0, 10319.0, 4566.0, 1739.0, 277.0, 333.0, 388.0, 626.0, 7362.0
2011.0, 158.0, 2173.0, 722.0, 379.0, 822.0, 1031.0, 1141.0, 1023.0, 17.0
2011.0, 216.0, 1521.0, 3227.0, 529.0, 949.0, 704.0, 484.0, 2028.0, 12439.0
2011.0, 221.0, 124544.0, 19341.0, 604.0, 811.0, 1269.0, 1812.0, 2140.0, 19321.0
2011.0, 265.0, 144.0, 816.0, 513.0, 1135.0, 1806.0, 2103.0, 2205.0, 566.0
2012.0, 23.0, 3031.0, 500000.0, 1432.0, 3810.0, 7057.0, 7238.0, 4443.0, 4061.0
2012.0, 138.0, 612.0, 244.0, 2733.0, 666.0, 928.0, 949.0, 814.0, 1500.0
2012.0, 23.0, 6993.0, 1020.0, 2649.0, 5232.0, 9968.0, 9609.0, -1, 2573.0
2012.0, 27.0, 211.0, 442.0, 985.0, 930.0, 1251.0, 1084.0, -1, 1556.0
2012.0, 67.0, 500000.0, 440688.0, -1.0, 7383.0, 12723.0, -1.0, -1, 288425.0
2012.0, 67.0, 500000.0, 419777.0, 5414.0, 5631.0, 11743.0, 20696.0, -1, 455272.0
2012.0, 73.0, 184.0, 540.0, 764.0, 1109.0, 2993.0, 5302.0, -1, 583.0
2012.0, 138.0, 558.0, 208.0, 1443.0, 726.0, 766.0, 849.0, -1, 1406.0
2012.0, 188.0, 29.0, 52.0, 383.0, 669.0, 1028.0, 2261.0, -1.0, 67.0
2012.0, 194.0, 2.0, 8.0, 1537.0, 966.0, 691.0, 787.0, -1.0, -1.0
2012.0, 27.0, 245.0, 378.0, 774.0, 932.0, 1137.0, 803.0, 694.0, 1188.0
2012.0, 73.0, 387.0, 2075.0, 621.0, 1574.0, 3109.0, 4436.0, 1596.0, 1316.0
2012.0, 194.0, 6702.0, 2528.0, 1234.0, 961.0, 681.0, 766.0, 882.0, 3987.0
2012.0, 67.0, 122.0, 76277.0, 119.0, 188.0, 173.0, 290.0, 516.0, 265.0
2012.0, 166.0, 916.0, 1444.0, 1921.0, 1469.0, 1052.0, 879.0, 769.0, 864.0
2013.0, 74.0, 20990.0, 23485.0, 428.0, 246.0, 216.0, 336.0, 571.0, 433.0
2013.0, 101.0, 393.0, 905.0, 3204.0, 610.0, 487.0, 513.0, 671.0, 2746.0
2013.0, 135.0, 283.0, 320.0, 419.0, 588.0, 1252.0, 1764.0, 1518.0, 457.0
2013.0, 172.0, 3566.0, 6860.0, 1565.0, 6201.0, 287.0, 390.0, 638.0, 1397.0
2013.0, 135.0, 228.0, 299.0, 413.0, 641.0, 1518.0, 1783.0, 1550.0, 425.0
2013.0, 172.0, 3951.0, 7045.0, 1523.0, 5548.0, 285.0, 380.0, 591.0, 1546.0
2013.0, 74.0, 18789.0, 63058.0, 423.0, 270.0, 212.0, 336.0, 573.0, 331.0
2014.0, 7.0, 59.0, 84.0, 168.0, 597.0, 3367.0, 5321.0, 4451.0, 135.0
2014.0, 51.0, 215.0, 162.0, 284.0, 535.0, 616.0, 554.0, 700.0, 276.0
2014.0, 56.0, 29018.0, 3550.0, 3822.0, 3914.0, 5499.0, 9984.0, 21314.0, 105505.0
2014.0, 7.0, 863.0, 2677.0, 1173.0, 10999.0, 2669.0, 2418.0, 1798.0, 693.0
2014.0, 56.0, 35058.0, 2733.0, 3956.0, 3931.0, 6522.0, 13449.0, 20987.0, 123453.0
2014.0, 7.0, 787.0, 2840.0, 1104.0, 8509.0, 2468.0, 2252.0, 1643.0, 7301.0
2015.0, 172.0, 456.0, 581.0, 736.0, 640.0, 990.0, 1963.0, 1210.0, 1049.0
2015.0, 169.0, 209.0, 280.0, 1243.0, 2362.0, 2522.0, 2049.0, 1537.0, 279.0
2015.0, 172.0, 174.0, 222.0, 366.0, 544.0, 1092.0, 1916.0, 1374.0, 475.0
2017.0, 195.0, 2247.0, 2175.0, -1.0, 576.0, 427.0, 387.0, 640.0, 1809.0
2017.0, 253.0, 1012.0, 500000.0, 2147.0, 2086.0, 3660.0, 10715.0, 25549.0, 954.0
2015.0, 176.0, 491.0, 993.0, 14279.0, 3990.0, 5505.0, 10398.0, 6191.0, 1099.0
2014.0, 253.0, 4407.0, 6692.0, 747.0, 1462.0, 3199.0, 2755.0, 1957.0, 2459.0
2014.0, 108.0, 2381.0, 1060.0, 1440.0, 1176.0, 1306.0, 1183.0, 1039.0, 1905.0
2014.0, 253.0, 5740.0, 6765.0, 767.0, 1529.0, 2989.0, 2785.0, 1939.0, 3843.0
2014.0, 108.0, 2157.0, 73005.0, 1549.0, 1176.0, 1389.0, 1137.0, 957.0, 1624.0
2000.0, 158.0, 7600.0, 18000.0,1400.0, 2300.0, 2800.0, 3400.0, 1600.0, 4300
2000.0,162,48,4800,1400,550,750,380,160,110
2000.0,313,42,21,420,710,440,240,160,40
2000.0,329.0,5100,1500,9200,2200,1300,3500,5500,7200
2000.0, 299.0, 372188.0, 383714.0, 83216.0, 43328.0, 35769.0, 42073.0, 41411.0, 324724.0
2001.0,28.0,4100,2400,96,130,37,39,42,690
2001.0, 29.0, 3721.0, 2369.0, 222.0, 263.0, 217.0, 315.0, 574.0, 680.0
2001.0,105.0,1500,2700,54000,48000,2400,1500,5100,61000
2001.0,108.0,4500,62,340,570,470,160,79,1800
2001.0,116.0,1300,420,2700,360,540,910,610,1700
2001.0,166.0,750,200,360,260,190,100,49,5000
2001.0,267.0,1700,3400,4300,7500,22000,23000,15000,1900
2001.0,274.0,120,190,41,69,94,130,38,450
2005.0,167.0,58,64,91,170,410,240,110,53.0
2005.0,194.0,4800,2700,210,2000,5100,5100,5400,6600
1997.0,308.0,3000,780,500,690,800,1000,1600,9800
2000.0, 158.0, -1, 80.0, 172.0, 730.0, 346.0, 765.0, 961.0, -1
2001.0, 223.0, 5509.0, 216.0, 348.0, 172.0, 249.0, 335.0, 553.0, 1015.0
2001.0, 221.0, 33.0, 56.0, 108.0, 189.0, 214.0, 312.0, 545.0, 1212.0
2001.0, 326.0, 3203.0, 3568.0, 46393.0, 8616.0, 1324.0, 1122.0, 768.0, 2803.0
2001.0, 362.0, 105.0, 113.0, 534.0, 1909.0, 3285.0, 1441.0, 2054.0, 849.0





